2.464956534211673933e+00
2.466000000000000192e+00
2.462000000000000188e+00
2.458000000000000185e+00
2.454000000000000181e+00
2.450000000000000178e+00
2.446000000000000174e+00
2.442000000000000171e+00
2.440498266297407959e+00
2.454000000000000181e+00
2.465846896657870158e+00
2.524783916897508806e+00
2.719546315944338932e+00
2.477112179293849969e+00
2.531656378686254261e+00
2.589809805153262090e+00
2.634280835154483302e+00
2.574019870716147906e+00
2.636553336651232371e+00
2.575245394374451990e+00
2.771254011205344980e+00
2.594240258532674925e+00
2.512651969620125492e+00
2.549930614190989431e+00
2.535115666076172669e+00
2.522771166650128905e+00
2.535805015226134884e+00
2.457437435945563742e+00
2.468702306388252055e+00
2.453880998023718174e+00
2.419528661717424534e+00
2.414506779248134283e+00
2.433154419592631790e+00
2.447064118899872298e+00
2.376604425504367679e+00
2.357219134993921994e+00
2.311359718095766347e+00
2.352503464310474524e+00
2.398647559059590595e+00
2.346222940278960500e+00
2.281738449268624347e+00
2.287453199337614151e+00
2.312790477770329645e+00
2.292286222754229108e+00
2.263249200110418080e+00
2.250102623391477596e+00
2.250489390135350654e+00
2.282000000000000028e+00
2.251923190379189421e+00
2.274000000000000021e+00
2.270000000000000018e+00
2.266000000000000014e+00
2.262000000000000011e+00
2.258000000000000007e+00
2.254000000000000004e+00
2.250000000000000000e+00
2.245999999999999996e+00
2.241999999999999993e+00
2.237999999999999989e+00
2.233999999999999986e+00
2.256107345084864324e+00
2.225999999999999979e+00
2.221999999999999975e+00
2.217999999999999972e+00
2.213999999999999968e+00
2.209999999999999964e+00
2.205999999999999961e+00
2.201999999999999957e+00
2.197999999999999954e+00
2.193999999999999950e+00
2.189999999999999947e+00
2.185999999999999943e+00
2.181999999999999940e+00
2.177999999999999936e+00
2.173999999999999932e+00
2.169999999999999929e+00
2.165999999999999925e+00
2.161999999999999922e+00
2.157999999999999918e+00
2.153999999999999915e+00
2.149999999999999911e+00
2.145999999999999908e+00
2.141999999999999904e+00
